﻿Tempo(s), Risco do Sensor, Nível da Bateria, Diff(s),Mode
11.1626,moderado,96.01,11.05,(4 out of 5)
32.2904,baixo,89.34,21.1278,(4 out of 5)
44.3583,moderado,85.51,12.0679,(4 out of 5)
59.8425,alto,80.6,15.4842,(4 out of 5)
74.5828,moderado,75.95,14.7403,(4 out of 5)
95.3945,baixo,69.32,20.8118,(4 out of 5)
111.815,moderado,64.13,16.42,(4 out of 5)
152.927,baixo,51.14,41.1122,(4 out of 5)
155.319,moderado,50.37,2.39199,(4 out of 5)
157.359,baixo,49.72,2.03992,(4 out of 5)
172.255,moderado,45.01,14.8959,(4 out of 5)
176.122,baixo,43.78,3.86769,(4 out of 5)
177.082,moderado,43.47,0.960103,(4 out of 5)
195.523,baixo,37.64,18.4403,(4 out of 5)
198.738,moderado,36.61,3.21571,(4 out of 5)
206.614,baixo,34.1,7.87576,(4 out of 5)
214.654,moderado,31.53,8.0403,(4 out of 5)
234.742,baixo,25.14,20.0878,(4 out of 5)
238.079,moderado,24.07,3.33637,(4 out of 5)
281.119,baixo,10.48,43.0399,(4 out of 5)
282.45,moderado,10.05,1.33136,(4 out of 5)
291.198,alto,7.28,8.74853,(4 out of 5)
297.151,moderado,5.39,5.95205,(4 out of 5)
323.89,alto,-3.06,26.7399,(4 out of 5)
341.671,moderado,-8.69,17.7803,(4 out of 5)
381.659,alto,-21.32,39.988,(4 out of 5)
383.659,moderado,-21.97,1.99988,(4 out of 5)
402.799,baixo,-28.02,19.1402,(4 out of 5)
405.138,moderado,-28.77,2.33973,(4 out of 5)
420.131,baixo,-33.52,14.9921,(4 out of 5)
420.323,moderado,-33.59,0.192113,(4 out of 5)
440.887,baixo,-40.12,20.5639,(4 out of 5)
445.451,moderado,-41.57,4.564,(4 out of 5)
455.314,alto,-44.7,9.86328,(4 out of 5)
466.415,moderado,-48.21,11.1008,(4 out of 5)
470.635,baixo,-49.56,4.22015,(4 out of 5)
474.067,moderado,-50.65,3.43177,(4 out of 5)
499.095,baixo,-58.56,25.0281,(4 out of 5)
500.039,moderado,-58.87,0.944161,(4 out of 5)
503.543,baixo,-59.98,3.50394,(4 out of 5)
517.859,moderado,-64.51,14.3158,(4 out of 5)
518.811,alto,-64.82,0.952043,(4 out of 5)
527.171,moderado,-67.47,8.36013,(4 out of 5)
646.194,baixo,-105.04,119.024,(4 out of 5)
652.731,moderado,-107.11,6.53633,(4 out of 5)
660.275,baixo,-109.5,7.54394,(4 out of 5)
661.999,moderado,-110.05,1.72401,(4 out of 5)
668.175,baixo,-112,6.17613,(4 out of 5)
682.435,moderado,-116.53,14.2598,(4 out of 5)
748.151,alto,-137.28,65.7161,(4 out of 5)
756.467,moderado,-139.91,8.3161,(4 out of 5)
776.758,alto,-146.34,20.2917,(4 out of 5)
781.687,moderado,-147.91,4.9282,(4 out of 5)
785.811,alto,-149.22,4.12402,(4 out of 5)
801.519,moderado,-154.19,15.7079,(4 out of 5)
852.927,baixo,-170.4,51.408,(4 out of 5)
863.878,moderado,-173.87,10.9515,(4 out of 5)
874.155,baixo,-177.12,10.2765,(4 out of 5)
875.815,moderado,-177.65,1.66003,(4 out of 5)
882.382,baixo,-179.72,6.56774,(4 out of 5)
899.415,moderado,-185.11,17.0322,(4 out of 5)
909.387,alto,-188.26,9.97199,(4 out of 5)
934.167,moderado,-196.09,24.7798,(4 out of 5)
946.919,baixo,-200.12,12.7522,(4 out of 5)
971.639,moderado,-207.93,24.72,(4 out of 5)
1004.39,baixo,-218.26,32.7554,(4 out of 5)
1013.11,moderado,-221.01,8.71228,(4 out of 5)
1041.84,baixo,-230.1,28.7323,(4 out of 5)
1045.01,moderado,-231.11,3.17205,(4 out of 5)
1073.43,baixo,-240.08,28.42,(4 out of 5)
1078.67,moderado,-241.75,5.24357,(4 out of 5)
1085.32,baixo,-243.86,6.64852,(4 out of 5)
1096.14,moderado,-247.29,10.8198,(4 out of 5)
1103,alto,-249.46,6.85591,(4 out of 5)
1104.41,moderado,-249.91,1.40763,(4 out of 5)
1118.7,alto,-254.42,14.2926,(4 out of 5)
1119.65,moderado,-254.73,0.951948,(4 out of 5)
1149.17,baixo,-264.06,29.5156,(4 out of 5)
1154.07,moderado,-265.61,4.90445,(4 out of 5)
1161.79,baixo,-268.06,7.71998,(4 out of 5)
1181.37,moderado,-274.25,19.5797,(4 out of 5)
1185.67,baixo,-275.62,4.2959,(4 out of 5)
1204.77,moderado,-281.67,19.1041,(4 out of 5)
1296.43,alto,-310.62,91.6556,(4 out of 5)
1307.34,moderado,-314.09,10.9165,(4 out of 5)
1315.77,alto,-316.76,8.43194,(4 out of 5)
1320.24,moderado,-318.17,4.46395,(4 out of 5)
1326.69,baixo,-320.24,6.45584,(4 out of 5)
1332.23,moderado,-321.99,5.53234,(4 out of 5)
1346.33,baixo,-326.46,14.1039,(4 out of 5)
1359.77,moderado,-330.71,13.4358,(4 out of 5)
1372.14,baixo,-334.62,12.3723,(4 out of 5)
1372.77,moderado,-334.83,0.635959,(4 out of 5)
1380.81,baixo,-337.38,8.03598,(4 out of 5)
1387.29,moderado,-339.43,6.48405,(4 out of 5)
1401.63,alto,-343.96,14.3395,(4 out of 5)
1405,moderado,-345.03,3.36858,(4 out of 5)
1416.61,alto,-348.7,11.6077,(4 out of 5)
1425.76,moderado,-351.61,9.1521,(4 out of 5)
1431.08,alto,-353.3,5.31605,(4 out of 5)
1434.87,moderado,-354.51,3.78795,(4 out of 5)
1437.59,baixo,-355.38,2.72817,(4 out of 5)
1452.8,moderado,-360.19,15.208,(4 out of 5)
1472.57,baixo,-366.44,19.7719,(4 out of 5)
1476.44,moderado,-367.67,3.86385,(4 out of 5)
1479.16,baixo,-368.54,2.72019,(4 out of 5)
1486.33,moderado,-370.81,7.17196,(4 out of 5)
1501.14,alto,-375.5,14.8117,(4 out of 5)
1523.01,moderado,-382.43,21.8641,(4 out of 5)
1562.89,baixo,-395.04,39.8796,(4 out of 5)
1563.39,moderado,-395.21,0.508366,(4 out of 5)
1568.1,alto,-396.7,4.70408,(4 out of 5)
1569.49,moderado,-397.15,1.39614,(4 out of 5)
1635.69,baixo,-418.02,66.1999,(4 out of 5)
1647.66,moderado,-421.81,11.9681,(4 out of 5)
1657.35,baixo,-424.88,9.68799,(4 out of 5)
1693.97,moderado,-436.47,36.6233,(4 out of 5)
1712.62,baixo,-442.36,18.6486,(4 out of 5)
1730.12,moderado,-447.89,17.5001,(4 out of 5)
1741.89,alto,-451.62,11.7679,(4 out of 5)
1743.86,moderado,-452.25,1.96799,(4 out of 5)
1752.21,baixo,-454.88,8.35589,(4 out of 5)
1752.98,moderado,-455.13,0.764102,(4 out of 5)
1765.7,alto,-459.16,12.7201,(4 out of 5)
1786.65,moderado,-465.77,20.9476,(4 out of 5)
1788.36,baixo,-466.32,1.71238,(4 out of 5)
1790.47,moderado,-466.99,2.1078,(4 out of 5)
1792.37,alto,-467.6,1.90025,(4 out of 5)
1795.29,moderado,-468.53,2.92392,(4 out of 5)
1798.65,baixo,-469.6,3.35575,(4 out of 5)
1799.41,moderado,-469.85,0.75952,(4 out of 5)
1816.46,baixo,-475.24,17.0523,(4 out of 5)
1823.86,moderado,-477.59,7.40045,(4 out of 5)
1860.75,baixo,-489.24,36.8877,(4 out of 5)
1866.35,moderado,-491.03,5.60424,(4 out of 5)
1892.07,baixo,-499.16,25.724,(4 out of 5)
1892.58,moderado,-499.33,0.507982,(4 out of 5)
1922.4,alto,-508.9,29.8192,(4 out of 5)
1933.7,moderado,-512.55,11.2968,(4 out of 5)
2026.71,baixo,-542.44,93.0158,(4 out of 5)
2029.72,moderado,-543.41,3.00378,(4 out of 5)
2084.72,baixo,-560.98,55.0003,(4 out of 5)
2094.19,moderado,-564.01,9.46824,(4 out of 5)
2109.45,alto,-568.9,15.26,(4 out of 5)
2121.77,moderado,-572.85,12.325,(4 out of 5)
2153.66,baixo,-583.08,31.8907,(4 out of 5)
2157.93,moderado,-584.45,4.26794,(4 out of 5)
2239.96,alto,-610.56,82.0308,(4 out of 5)
2242.73,moderado,-611.45,2.76922,(4 out of 5)
2380.31,alto,-655.48,137.576,(4 out of 5)
2394.65,moderado,-660.07,14.3437,(4 out of 5)
2441.89,alto,-675.3,47.2401,(4 out of 5)
2444.16,moderado,-676.03,2.26546,(4 out of 5)
2456.18,baixo,-679.92,12.0232,(4 out of 5)
2467.63,moderado,-683.61,11.4483,(4 out of 5)
2474.88,baixo,-685.94,7.25524,(4 out of 5)
2502.1,moderado,-694.67,27.2205,(4 out of 5)
2518.8,alto,-700.04,16.6991,(4 out of 5)
2530.74,moderado,-703.89,11.9368,(4 out of 5)
2543.23,baixo,-707.86,12.4868,(4 out of 5)
2551.64,moderado,-710.55,8.41318,(4 out of 5)
2567.21,alto,-715.52,15.5761,(4 out of 5)
2567.71,moderado,-715.69,0.499258,(4 out of 5)
2607.86,alto,-728.46,40.1482,(4 out of 5)
2615.15,moderado,-730.77,7.29218,(4 out of 5)
2619.5,baixo,-732.16,4.34829,(4 out of 5)
2620.44,moderado,-732.47,0.935912,(4 out of 5)
2670.02,alto,-748.3,49.584,(4 out of 5)
2670.46,moderado,-748.45,0.440097,(4 out of 5)
2673.23,alto,-749.34,2.77189,(4 out of 5)
2677.45,moderado,-750.69,4.21602,(4 out of 5)
2759.19,baixo,-776.8,81.7437,(4 out of 5)
2762.16,moderado,-777.77,2.9683,(4 out of 5)
2789.84,alto,-786.68,27.6798,(4 out of 5)
2790.97,moderado,-787.05,1.13202,(4 out of 5)
2812.98,alto,-794.12,22.0082,(4 out of 5)
2817.24,moderado,-795.49,4.25984,(4 out of 5)
2841.39,alto,-803.24,24.148,(4 out of 5)
2842.4,moderado,-803.57,1.00809,(4 out of 5)
2885.28,baixo,-817.3,42.8837,(4 out of 5)
2889.05,moderado,-818.51,3.76932,(4 out of 5)
2930.06,baixo,-831.58,41.0094,(4 out of 5)
2935.31,moderado,-833.25,5.24908,(4 out of 5)
2968.09,alto,-843.68,32.7765,(4 out of 5)
2972.1,moderado,-844.97,4.01595,(4 out of 5)
2974.84,alto,-845.86,2.73647,(4 out of 5)
2981.38,moderado,-847.99,6.54269,(4 out of 5)
3011.11,baixo,-857.52,29.7277,(4 out of 5)
3013.69,moderado,-858.35,2.58423,(4 out of 5)
3019.75,baixo,-860.3,6.06087,(4 out of 5)
3023.11,moderado,-861.39,3.36006,(4 out of 5)
3023.94,baixo,-861.66,0.823951,(4 out of 5)
3026.38,moderado,-862.45,2.44377,(4 out of 5)
3053.72,alto,-871.18,27.3362,(4 out of 5)
3056.72,moderado,-872.15,3.00003,(4 out of 5)
3060,alto,-873.22,3.28413,(4 out of 5)
3078.73,moderado,-879.23,18.7268,(4 out of 5)
3096.45,alto,-884.92,17.7161,(4 out of 5)
3135.58,moderado,-897.55,39.137,(4 out of 5)
3140.41,alto,-899.12,4.82676,(4 out of 5)
3149.01,moderado,-901.89,8.59695,(4 out of 5)
3181.65,alto,-912.38,32.64,(4 out of 5)
3186.59,moderado,-913.97,4.94063,(4 out of 5)
3189.05,alto,-914.78,2.46752,(4 out of 5)
3198.4,moderado,-917.79,9.34669,(4 out of 5)
3289.23,baixo,-946.94,90.8326,(4 out of 5)
3307.59,moderado,-952.87,18.361,(4 out of 5)
3328.98,alto,-959.76,21.3837,(4 out of 5)
3332.75,moderado,-960.97,3.7761,(4 out of 5)
3374.18,alto,-974.28,41.4276,(4 out of 5)
3383.46,moderado,-977.27,9.27538,(4 out of 5)
3392.91,baixo,-980.34,9.45701,(4 out of 5)
3394.03,moderado,-980.71,1.11613,(4 out of 5)
3395.71,baixo,-981.26,1.67592,(4 out of 5)
3398.38,moderado,-982.13,2.67181,(4 out of 5)
3451.4,baixo,-999.12,53.0242,(4 out of 5)
3467.89,moderado,-1004.41,16.4874,(4 out of 5)
3479.34,alto,-1008.08,11.4525,(4 out of 5)
3481.49,moderado,-1008.77,2.15173,(4 out of 5)
3534.96,alto,-1025.86,53.4642,(4 out of 5)
3536.59,moderado,-1026.39,1.62802,(4 out of 5)
3552.77,baixo,-1031.62,16.1871,(4 out of 5)
3554.7,moderado,-1032.25,1.92399,(4 out of 5)
3559.95,baixo,-1033.96,5.24902,(4 out of 5)
3563.96,moderado,-1035.25,4.01113,(4 out of 5)
3587.49,baixo,-1042.82,23.5316,(4 out of 5)
3595.74,moderado,-1045.49,8.25247,(4 out of 5)
3641.5,baixo,-1060.18,45.756,(4 out of 5)
3645.26,moderado,-1061.39,3.76087,(4 out of 5)
3658.42,baixo,-1065.6,13.1601,(4 out of 5)
3676.21,moderado,-1071.27,17.7918,(4 out of 5)
